0.000000e+00
4.998960e-01
1.050097e+00
1.549402e+00
2.049846e+00
2.504650e+00
3.000374e+00
3.550560e+00
4.049882e+00
4.549764e+00
4.999333e+00
5.498653e+00
5.998511e+00
6.498400e+00
7.048604e+00
7.549590e+00
8.049994e+00
8.551011e+00
9.051408e+00
9.550731e+00
1.005005e+01
1.054995e+01
1.099949e+01
1.149938e+01
1.204956e+01
1.255001e+01
1.314939e+01
1.364927e+01
1.414970e+01
1.454951e+01
1.504992e+01
1.554982e+01
1.604970e+01
1.655014e+01
1.704998e+01
1.754933e+01
1.804920e+01
1.864913e+01
1.914957e+01
