0.000000e+00
5.502000e-01
1.050084e+00
1.500213e+00
2.000096e+00
2.399905e+00
2.799684e+00
3.299576e+00
3.799455e+00
4.249581e+00
4.750039e+00
5.250459e+00
5.750920e+00
6.250788e+00
6.750705e+00
7.249998e+00
7.749337e+00
8.248682e+00
8.748004e+00
9.247910e+00
9.797545e+00
1.029746e+01
1.079788e+01
1.129779e+01
1.179822e+01
1.229866e+01
1.279966e+01
1.330008e+01
1.380053e+01
1.430153e+01
1.480197e+01
1.530241e+01
1.580305e+01
1.630164e+01
1.680095e+01
1.725052e+01
1.774986e+01
1.829899e+01
1.879886e+01
1.929874e+01
1.979917e+01
