0.000000e+00
5.004559e-01
1.000307e+00
1.500177e+00
2.000076e+00
2.499966e+00
2.999815e+00
3.500318e+00
4.000112e+00
4.500052e+00
4.950105e+00
5.449992e+00
5.949304e+00
6.449190e+00
6.949058e+00
7.449477e+00
7.950464e+00
8.500684e+00
9.001107e+00
9.500965e+00
1.000084e+01
1.045095e+01
1.100060e+01
1.150047e+01
1.200037e+01
1.250022e+01
1.300012e+01
1.349942e+01
1.399986e+01
1.450027e+01
1.500016e+01
1.550004e+01
1.600049e+01
1.649978e+01
1.699966e+01
1.749953e+01
1.799942e+01
1.849929e+01
1.899916e+01
1.949905e+01
