0.000000e+00
4.998748e-01
1.000292e+00
1.400645e+00
1.900566e+00
2.399822e+00
2.899711e+00
3.399030e+00
3.899478e+00
4.399896e+00
4.900312e+00
5.400753e+00
5.901176e+00
6.401057e+00
6.900932e+00
7.400259e+00
7.900700e+00
8.400553e+00
8.900471e+00
9.399764e+00
9.899073e+00
1.039896e+01
1.089938e+01
1.139925e+01
1.189987e+01
1.240013e+01
1.290056e+01
1.340099e+01
1.390199e+01
1.440182e+01
1.490171e+01
1.540103e+01
1.590091e+01
1.640078e+01
1.690010e+01
1.739998e+01
1.789991e+01
1.839975e+01
1.889963e+01
1.940005e+01
1.990051e+01
