0.000000e+00
4.998610e-01
9.997311e-01
1.499663e+00
1.898860e+00
2.350013e+00
2.848271e+00
3.347608e+00
3.846924e+00
4.346812e+00
4.847231e+00
5.347125e+00
5.846982e+00
6.346860e+00
6.846730e+00
7.347231e+00
7.847049e+00
8.348022e+00
8.847903e+00
9.347768e+00
9.848215e+00
1.034808e+01
1.084853e+01
1.134842e+01
1.184829e+01
1.234813e+01
1.284803e+01
1.334789e+01
1.384778e+01
1.434768e+01
1.484697e+01
1.534686e+01
1.584671e+01
1.634720e+01
1.684757e+01
1.734800e+01
1.784788e+01
1.834833e+01
1.884878e+01
1.934865e+01
1.984851e+01
