0.000000e+00
5.999570e-01
1.099821e+00
1.600259e+00
2.100690e+00
2.600004e+00
3.099890e+00
3.599748e+00
4.099638e+00
4.600092e+00
5.099945e+00
5.599824e+00
6.100238e+00
6.600661e+00
7.100539e+00
7.600989e+00
8.101401e+00
8.600738e+00
9.100045e+00
9.599933e+00
1.009981e+01
1.060023e+01
1.110068e+01
1.160279e+01
1.209989e+01
1.260086e+01
1.310071e+01
1.360059e+01
1.409994e+01
1.459979e+01
1.509912e+01
1.560010e+01
1.610054e+01
1.660045e+01
1.710086e+01
1.760071e+01
1.810005e+01
1.859990e+01
1.910035e+01
1.959967e+01
