0.000000e+00
4.998839e-01
1.000854e+00
1.500763e+00
2.001758e+00
2.502715e+00
3.001461e+00
3.500783e+00
4.000696e+00
4.450232e+00
5.000432e+00
5.500307e+00
6.000189e+00
6.500061e+00
6.999963e+00
7.499808e+00
7.999669e+00
8.499578e+00
8.999427e+00
9.499880e+00
9.950557e+00
1.045041e+01
1.095026e+01
1.145014e+01
1.195002e+01
1.245045e+01
1.300012e+01
1.350053e+01
1.395008e+01
1.444997e+01
1.495038e+01
1.545028e+01
1.595014e+01
1.645000e+01
1.700021e+01
1.750064e+01
1.800051e+01
1.845063e+01
1.895053e+01
1.945039e+01
1.995025e+01
