0.000000e+00
4.998622e-01
9.997780e-01
1.499060e+00
1.998940e+00
2.499366e+00
2.999259e+00
3.502024e+00
3.999586e+00
4.499972e+00
4.999359e+00
5.499194e+00
5.999617e+00
6.499598e+00
6.999914e+00
7.500336e+00
8.001341e+00
8.502300e+00
9.002183e+00
9.502068e+00
9.951610e+00
1.045092e+01
1.095080e+01
1.150388e+01
1.199923e+01
1.249911e+01
1.299897e+01
1.349944e+01
1.399984e+01
1.449978e+01
1.499959e+01
1.549945e+01
1.599988e+01
1.650033e+01
1.700020e+01
1.750012e+01
1.799996e+01
1.850038e+01
1.900024e+01
1.949957e+01
