1.0000000000000002 1.48859470598552e-17 -5.69230195892411e-19 1.7053025658242404e-13 -2.3745835960549032e-17 1.0 -2.192217932941141e-20 -2.2737367544323206e-13 4.576628747933166e-19 3.541075216041334e-18 1.0 -7.105427357601002e-15
0.9999999979175833 2.918997464658965e-06 -6.446947484953996e-05 -1.2546989353268145e-05 -2.9199693639110504e-06 0.9999999998821055 -1.5075249717393582e-05 -5.888672603759915e-06 6.446943083732448e-05 1.5075437934897917e-05 0.9999999978082119 3.034339002283559e-08
0.99999999155342 -1.646829431873921e-05 -0.0001289261694221292 -8.122403812649281e-06 1.6471946549051066e-05 0.9999999994631269 2.8327066835540617e-05 -1.0933901194221107e-05 0.00012892570285443725 -2.832919026124433e-05 0.9999999912878108 -9.09663668835492e-08
0.9999999890848974 -2.7084534431919025e-05 -0.00014524680667854387 -1.3912514020830713e-05 2.7102381424679058e-05 0.9999999920838436 0.0001228730042203704 -1.5300067389034666e-05 0.00014524347757063392 -0.00012287693941355075 0.9999999819027955 -1.0256969318334086e-07
0.9999999786658162 0.00010231692613007035 -0.00017944251289985744 4.449711980214488e-06 -0.00010226578927644545 0.9999999541691055 0.0002849622728641131 -1.905455155792879e-05 0.0001794716611396685 -0.00028494391595445536 0.9999999432984429 -3.3913341823677e-07
0.9999999694436436 -1.203504614784052e-05 -0.00024691673027139096 -2.2438174482886097e-06 1.213286729380552e-05 0.9999999214499053 0.00039617291462559106 -2.2286226112555596e-05 0.000246911942916748 -0.0003961758983279053 0.9999998910395698 -3.243468782443415e-07
0.99999983766029 3.0579785210767656e-05 -0.0005689852996535956 -1.0934537158391322e-05 -3.0263500996236316e-05 0.999999845043848 0.0005558744474741927 -2.5050434942386346e-05 0.0005690022100070324 -0.0005558571377465124 0.9999996836296141 -2.8291223230780815e-07
0.9999995130956095 -5.632610243045113e-06 -0.0009868013068482493 -9.567233121288155e-06 6.186709793076952e-06 0.9999998423348934 0.0005615086056428902 -2.7456656880531227e-05 0.000986797988504991 -0.0005615144372951845 0.9999993554654262 -3.3355662765188754e-07
0.9999995592890687 -8.472308556749509e-05 -0.0009350099832357289 -2.3042932639327773e-05 8.527824419597328e-05 0.9999998201107051 0.0005937223090746016 -2.9483989465006744e-05 0.0009349595130514459 -0.0005938017834243607 0.9999993866248879 -2.3422698447461698e-07
0.999999722746029 -0.00010269662062294256 -0.0007375373016517121 -2.369531250678847e-05 0.00010315569425132006 0.9999998009697745 0.0006224301696385394 -3.1243803050529095e-05 0.0007374732333844992 -0.0006225060782396888 0.9999995343095988 -2.552257427623772e-07
0.9999997103598837 -4.751817142452094e-05 -0.0007596197558140251 -1.986874036674635e-05 4.796216140069652e-05 0.9999998280400574 0.0005844822389617352 -3.278402186879248e-05 0.0007595918516626302 -0.0005845185026775588 0.9999995406790645 -3.1629370056407424e-07
0.9999999208284308 -0.00011927343666472655 -0.00037962742325190537 -2.4919119937294454e-05 0.00011956219553049856 0.9999997035157805 0.0007607057468650127 -3.406567884667311e-05 0.0003795365787096485 -0.0007607510757269506 0.9999996386048282 -2.871722983854852e-07
0.9999999571614016 3.240294847111723e-05 -0.0002909076252824076 -9.984776170313125e-06 -3.2188245813899445e-05 0.9999997271463055 0.000738018450651149 -3.518933954183012e-05 0.00029093145988101686 -0.000738009055229318 0.9999996853507114 -4.496001189124854e-07
0.999999942169945 -6.903203585269946e-06 -0.0003400183151212581 -9.581071481079562e-06 7.168423732165905e-06 0.9999996957569489 0.0007800221954960908 -3.619594372139545e-05 0.00034001282702102946 -0.0007800245877827157 0.9999996379763952 -4.6915274865000356e-07
0.9999997815885797 -5.62372696685596e-05 -0.000658528788252838 -1.6739755437811255e-05 5.6679587217283205e-05 0.9999997728194009 0.0006716759436895787 -3.699525495903799e-05 0.0006584908654266995 -0.0006717131221277643 0.999999557595534 -4.1207348644434205e-07
0.999999846327639 -5.371607995817021e-05 -0.000551778290768837 -2.3152385324465286e-05 5.4061888953747e-05 0.9999998021487206 0.0006267214954910425 -3.760119830076292e-05 0.0005517445165768302 -0.0006267512293579447 0.999999651380382 -3.592333861490715e-07
0.9999999004066631 -6.923686656020723e-06 -0.00044624962611616837 -9.659924273819342e-06 7.2376444019823e-06 0.9999997524827702 0.0007035495840079105 -3.8205677356017986e-05 0.00044624464450483133 -0.0007035527437351693 0.9999996529395678 -4.996005884549959e-07
0.9999999334266246 4.716835212619177e-05 -0.0003618313050415753 -2.2881521886120026e-06 -4.6913622807937665e-05 0.9999997511081348 0.0007039764063217848 -3.876565619975736e-05 0.0003618644203917317 -0.0007039593846383363 0.9999996867476141 -5.79859644744829e-07
0.9999999651635967 -2.9665970258879193e-05 -0.0002622836953585771 -1.2658477430704806e-05 2.9857294991236163e-05 0.999999733481229 0.0007294833884215902 -3.9221790075316676e-05 0.0002622619846225463 -0.0007294911940906771 0.99999969953058 -4.862732438937201e-07
0.999999968183446 0.00011008568202742553 -0.0002269675105495343 -7.827204058230564e-07 -0.00010991114860414671 0.9999996983954184 0.0007688488881338162 -3.9641568037041e-05 0.00022705208134931985 -0.000768823917411905 0.999999678678517 -6.080775740713307e-07
0.999999999220963 -3.5378262138330044e-05 -1.750583758932392e-05 -1.0122930518718931e-05 3.5391393449183356e-05 0.9999997176138183 0.00075067951515392 -3.99848502183886e-05 1.747927490924599e-05 -0.0007506801341250911 0.9999997180868666 -5.227383752526293e-07
0.9999999940362727 -3.277192120644681e-05 -0.00010417993108639007 -1.375315690665957e-05 3.285455931216092e-05 0.9999996847802748 0.0007933220853134042 -4.0274898765346734e-05 0.00010415389955795382 -0.0007933255033679747 0.9999996798932553 -4.920024672117052e-07
0.9999999953379538 -6.151443464154859e-05 7.443163169286256e-05 -2.1690888956982235e-05 6.146120896907711e-05 0.999999742580303 0.0007148858988817853 -4.053254178870702e-05 -7.447558833459489e-05 -0.000714881320890883 0.9999997416990088 -4.189478559624149e-07
0.9999999992665513 -3.829088206026643e-05 -8.40332267825729e-07 -1.7877184006920288e-05 3.829154791212804e-05 0.9999996734706276 0.0008072127325129405 -4.0754562860456645e-05 8.094231058946199e-07 -0.0008072127640985147 0.9999996742033959 -4.5941788684444873e-07
0.9999999910284013 -5.0838425065872085e-05 0.00012393003737708096 -1.9435631941178144e-05 5.072926961997637e-05 0.9999996109613403 0.0008806268855544895 -4.099386956113449e-05 -0.0001239747588474376 -0.000880620590773572 0.9999996045687399 -4.4800583509641e-07
0.9999999891543002 -0.00014546817759075243 2.3030600544313956e-05 -2.6619512937031686e-05 0.00014545014771430488 0.9999996844870909 0.0007809417217904659 -4.110478380425775e-05 -2.3144195446936542e-05 -0.0007809383635163476 0.9999996947997625 -3.7999043200898086e-07
0.999999996911708 -6.780172054422823e-05 3.97430944509183e-05 -1.981552162533262e-05 6.777057167477257e-05 0.999999690976108 0.0007832335802395845 -4.123686494494905e-05 -3.979618675368141e-05 -0.0007832308844084961 0.9999996924827768 -4.480920061666893e-07
0.9999999971408027 -3.15480284831608e-05 -6.872495509285924e-05 -1.037081796084749e-05 3.160117712184978e-05 0.9999997003579684 0.0007734890701434663 -4.138447479817842e-05 6.87005324447539e-05 -0.0007734912397213767 0.999999698495725 -5.420696567171035e-07
0.9999999411588975 -8.970768642781808e-05 -0.00033111136601948207 -1.7315664194939018e-05 8.996801684164332e-05 0.9999996868181599 0.0007863010504036688 -4.1519062733641476e-05 0.00033104072507334756 -0.0007863307935697967 0.9999996360478963 -4.767423753548883e-07
0.9999998480162324 -6.022814872122336e-05 -0.0005480329227018497 -2.197601048692377e-05 6.0624755777055035e-05 0.9999997362884051 0.0007237041944316656 -4.155959504714701e-05 0.0005479891908153636 -0.0007237373088024709 0.9999995879559932 -4.3213125522356677e-07
0.9999998222017877 -0.0001452556061329616 -0.0005783573316738248 -2.3887226973329234e-05 0.0001456816419804766 0.9999997180567212 0.0007366568661676048 -4.1837821299850475e-05 0.000578250165070258 -0.0007367409912370605 0.9999995614196334 -4.1789913751699714e-07
0.9999997544072475 -0.00014009922729544554 -0.0006867005567114577 -3.16204948376253e-05 0.00014056491554986742 0.9999997601756812 0.0006781519652223556 -4.173218599134998e-05 0.0006866053834576478 -0.0006782483246789101 0.9999995342760218 -3.4118728109433505e-07
0.9999997329035772 -8.663852821166304e-05 -0.0007257317291716264 -2.4444316750305006e-05 8.707095404072667e-05 0.9999998186980631 0.0005958376396482685 -4.1767259062908124e-05 0.0007256799750989066 -0.0005959006706562001 0.9999995591453865 -4.113952449813496e-07
0.9999996913807306 -9.587167178469125e-05 -0.0007797737287645767 -2.4398017785642878e-05 9.625314890796613e-05 0.999999875713087 0.0004891923380026963 -4.181347776466282e-05 0.0007797267321616363 -0.0004892672427053355 0.9999995763218053 -4.125625210349426e-07
0.9999997532267547 -7.523212823061719e-06 -0.0007024883153816621 -1.5047181761929096e-05 7.97863887682072e-06 0.9999997898194054 0.000648303546485846 -4.1878852925947285e-05 0.0007024832904066963 -0.0006483089914024571 0.9999995431062358 -5.043517532499209e-07
0.999999729767828 -0.00010770117926659826 -0.0007272308630996729 -1.748230204157153e-05 0.0001081902868867349 0.999999767981718 0.0006725558513815599 -4.189145556665608e-05 0.000727158259310503 -0.0006726343489510423 0.9999995094018295 -4.809083904433464e-07
0.9999997845126095 -0.00019836097566308943 -0.0006258016131492959 -3.54290477844188e-05 0.0001988211465197002 0.9999997098624628 0.0007353537534966392 -4.192975802652654e-05 0.0006256555660927556 -0.0007354780176314005 0.9999995338134908 -3.072839973583541e-07
0.9999996551304108 -0.0002154387359054861 -0.0008020755651546465 -4.615091518189729e-05 0.0002161662989120692 0.9999995651988427 0.000907124169067003 -4.1960264525187085e-05 0.0008018797867269702 -0.0009072972379338264 0.9999992668999967 -2.0367452435721134e-07
0.9999997269953864 -0.00016420775607930995 -0.0007204477534157941 -3.9413487797901325e-05 0.00016487550270756588 0.9999995568472427 0.000926888011860377 -4.1980665855589905e-05 0.0007202952319468214 -0.0009270065430011886 0.9999993109165864 -2.693954215260419e-07
0.999999711543557 -0.00016066838742686274 -0.0007423600703247615 -2.9901847483415622e-05 0.0001613405291812322 0.999999577072922 0.0009054408941090944 -4.205808090773644e-05 0.0007422142806322204 -0.0009055604056954186 0.9999993145389227 -3.6293266347797726e-07
0.9999996885692239 -0.0001056421416252655 -0.0007821132883191289 -3.060383392039512e-05 0.00010627774967899667 0.9999996641253605 0.0008126833384370077 -4.201958358862612e-05 0.0007820271720187754 -0.0008127662065826797 0.9999993639220967 -3.5552017507711753e-07
