0.000000e+00
4.998782e-01
9.997580e-01
1.499626e+00
1.999511e+00
2.499374e+00
2.999284e+00
3.499140e+00
3.999024e+00
4.498881e+00
4.999326e+00
5.499190e+00
5.999071e+00
6.499512e+00
6.999391e+00
7.399172e+00
7.899054e+00
8.398929e+00
8.899350e+00
9.399234e+00
9.899102e+00
1.039842e+01
1.089884e+01
1.139872e+01
1.189863e+01
1.234870e+01
1.284858e+01
1.334847e+01
1.384834e+01
1.434876e+01
1.489897e+01
1.534908e+01
1.584950e+01
1.634996e+01
1.684989e+01
1.735028e+01
1.785066e+01
1.835054e+01
1.885042e+01
1.940061e+01
1.990049e+01
