0.000000e+00
5.004349e-01
1.000303e+00
1.500179e+00
2.000602e+00
2.501040e+00
3.001476e+00
3.501343e+00
4.001234e+00
4.500561e+00
5.000430e+00
5.500300e+00
6.000176e+00
6.399435e+00
6.899309e+00
7.399195e+00
7.899046e+00
8.349144e+00
8.849589e+00
9.349998e+00
9.850430e+00
1.040063e+01
1.090257e+01
1.140095e+01
1.190081e+01
1.240014e+01
1.290002e+01
1.339990e+01
1.384946e+01
1.439965e+01
1.489954e+01
1.539940e+01
1.589928e+01
1.639972e+01
1.690016e+01
1.750012e+01
1.790046e+01
1.840034e+01
1.890133e+01
1.940064e+01
